706055
140656536
140156198
302038
706020
506074
140656534
3800
1749
140656535
140856807
143856456
2583
3855
2497
2350
3408
3808
3282
2315
3163
140658381
140658387
140659884
140659883
2633
3840
2698
75723486
140156273
2659
2794
140156480
3355
140156476
3809
3816
3817
3880
80022
140856806
73465287
140558084
4327
12727
143856524
3247
2864
12539
70834075
140556451
140558281
140558081
140556453
140556449
140558182
140558384
140558090
140558082
123585784
140558083
140556454
605012
140558383
2324
140556448
140656196
73465285
81501013
1766622
140558091
70259681
70567897
70567899
70268084
73467545
85252
70569988
70170053
70567505
70570176
70568185
73970881
73970882